102607615
106438552
107496657
108973922
110420477
110772487
111350109
112214360
113090244
113910492
114068076
115079776
119392108
121116624
126435156
128159429
131611480
134321907
138441842
139036804
139206918
143516232
143540438
146514325
146746311
147655076
151607423
151936010
152039165
3914522049
4321131035
4322429002
50358384
58568623
6021612152
6021615021
60607369
6130902118
6136935033
65570347
72016903
75183695
84566703
89932897
92889917
94676138
95199161
95276041
98517579
99211118
99513425
